14033                         01,07,08,28,29|04,08                           2014-03-24 21:30
14032                         02,05,06,09,31|02,09                           2014-03-22 21:30
14031                         06,15,27,32,33|03,04                           2014-03-19 21:30
14030                         03,14,18,29,35|11,12                           2014-03-17 21:30
14029                         03,21,22,23,35|05,09                           2014-03-15 21:30
14028                         03,10,20,25,30|10,12                           2014-03-12 21:30
14027                         09,10,24,28,29|10,12                           2014-03-10 21:30
14026                         05,10,12,15,26|04,08                           2014-03-08 21:30
14025                         19,20,27,32,34|06,08                           2014-03-05 21:30
14024                         07,11,15,31,32|06,11                           2014-03-03 21:30
14023                         04,13,15,29,33|05,09                           2014-03-01 21:30
14022                         03,06,10,16,25|10,11                           2014-02-26 21:30
14021                         06,10,17,23,24|03,09                           2014-02-24 21:30
14020                         01,14,17,30,35|06,07                           2014-02-22 21:30
14019                         07,12,22,29,32|11,12                           2014-02-19 21:30
14018                         08,09,12,28,34|02,12                           2014-02-17 21:30
14017                         05,10,11,23,34|01,10                           2014-02-15 21:30
14016                         04,06,13,24,34|04,09                           2014-02-12 21:30
14015                         04,06,18,20,30|05,07                           2014-02-10 21:30
14014                         01,09,11,27,29|03,11                           2014-02-08 21:30
14013                         10,11,13,22,28|04,12                           2014-01-29 21:30
14012                         09,20,21,23,29|05,07                           2014-01-27 21:30
14011                         04,06,14,24,35|07,12                           2014-01-25 21:30
14010                         05,10,20,26,27|01,03                           2014-01-22 21:30
14009                         10,18,25,29,33|07,08                           2014-01-20 21:30
14008                         11,13,20,28,35|01,05                           2014-01-18 21:30
14007                         08,11,14,21,32|03,11                           2014-01-15 21:30
14006                         01,04,07,16,35|06,08                           2014-01-13 21:30
14005                         15,17,18,29,33|04,08                           2014-01-11 21:30
14004                         07,10,19,27,28|09,12                           2014-01-08 21:30
14003                         07,11,13,21,33|05,06                           2014-01-06 21:30
14002                         01,12,21,24,29|01,07                           2014-01-04 21:30
14001                         05,13,20,23,29|08,11                           2014-01-01 21:30
13153                         04,05,16,17,30|03,09                           2013-12-30 21:30
13152                         09,12,14,18,19|03,09                           2013-12-28 21:30
13151                         02,13,21,27,30|03,04                           2013-12-25 21:30
13150                         06,07,14,18,22|08,11                           2013-12-23 21:30
13149                         06,07,08,09,13|05,07                           2013-12-21 21:30
13148                         02,05,09,29,32|03,07                           2013-12-18 21:30
13147                         03,09,22,24,25|05,09                           2013-12-16 21:30
13146                         06,07,15,25,31|01,09                           2013-12-14 21:30
13145                         02,13,15,18,20|02,11                           2013-12-11 21:30
13144                         03,20,21,23,35|02,08                           2013-12-09 21:30
13143                         03,08,14,21,31|06,08                           2013-12-07 21:30
13142                         06,11,25,28,29|04,12                           2013-12-04 21:30
13141                         05,15,18,25,31|08,10                           2013-12-02 21:30
13140                         01,12,17,26,28|01,06                           2013-11-30 21:30
13139                         05,06,18,20,31|06,07                           2013-11-27 21:30
13138                         03,08,13,17,24|07,09                           2013-11-25 21:30
13137                         04,12,32,33,34|06,08                           2013-11-23 21:30
13136                         05,11,15,25,28|05,11                           2013-11-20 21:30
13135                         04,13,19,25,26|07,12                           2013-11-18 21:30
13134                         02,13,19,23,32|02,09                           2013-11-16 21:30
13133                         02,08,10,16,17|09,12                           2013-11-13 21:30
13132                         23,26,28,31,34|02,10                           2013-11-11 21:30
13131                         12,15,29,30,31|04,12                           2013-11-09 21:30
13130                         08,09,15,19,30|06,09                           2013-11-06 21:30
13129                         11,23,29,30,33|01,04                           2013-11-04 21:30
13128                         11,13,27,33,35|01,02                           2013-11-02 21:30
13127                         03,14,16,19,32|05,10                           2013-10-30 21:30
13126                         09,10,15,18,30|03,06                           2013-10-28 21:30
13125                         04,08,14,23,28|04,08                           2013-10-26 21:30
13124                         05,07,18,21,32|10,11                           2013-10-23 21:30
13123                         02,09,10,33,34|05,12                           2013-10-21 21:30
13122                         15,17,20,24,35|04,12                           2013-10-19 21:30
13121                         03,18,19,20,24|03,12                           2013-10-16 21:30
13120                         06,14,15,22,26|03,11                           2013-10-14 21:30
13119                         01,02,16,23,35|01,11                           2013-10-12 21:30
13118                         04,06,11,20,31|01,05                           2013-10-09 21:30
13117                         05,16,23,25,33|07,12                           2013-10-07 21:30
13116                         13,22,23,30,33|09,11                           2013-10-05 21:30
13115                         05,16,29,32,34|04,11                           2013-10-02 21:30
13114                         06,17,21,23,33|01,09                           2013-09-30 21:30
13113                         19,21,23,28,30|08,12                           2013-09-28 21:30
13112                         02,10,20,22,29|05,12                           2013-09-25 21:30
13111                         07,12,13,20,27|01,03                           2013-09-23 21:30
13110                         07,16,18,32,33|02,07                           2013-09-21 21:30
13109                         13,20,26,29,32|02,06                           2013-09-18 21:30
13108                         05,10,13,15,18|02,11                           2013-09-16 21:30
13107                         07,13,14,18,25|05,12                           2013-09-14 21:30
13106                         06,07,12,13,27|03,12                           2013-09-11 21:30
13105                         07,13,27,30,34|01,12                           2013-09-09 21:30
13104                         02,05,11,27,29|01,11                           2013-09-07 21:30
13103                         05,08,13,16,31|03,09                           2013-09-04 21:30
13102                         06,12,15,19,26|02,11                           2013-09-02 21:30
13101                         04,09,13,15,32|02,09                           2013-08-31 21:30
13100                         09,12,24,26,30|05,09                           2013-08-28 21:30
13099                         04,11,28,30,33|05,12                           2013-08-26 21:30
13098                         02,06,16,29,34|10,11                           2013-08-24 21:30
13097                         07,08,13,17,32|03,08                           2013-08-21 21:30
13096                         17,19,20,22,26|06,08                           2013-08-19 21:30
13095                         03,17,28,30,33|01,10                           2013-08-17 21:30
13094                         03,28,33,34,35|06,09                           2013-08-14 21:30
13093                         01,05,17,18,26|05,07                           2013-08-12 21:30
13092                         07,10,21,27,33|03,09                           2013-08-10 21:30
13091                         04,09,28,34,35|02,08                           2013-08-07 21:30
13090                         02,26,30,31,33|11,12                           2013-08-05 21:30
13089                         06,07,23,24,29|04,11                           2013-08-03 21:30
13088                         03,05,08,33,35|01,03                           2013-07-31 21:30
13087                         09,12,22,32,34|02,04                           2013-07-29 21:30
13086                         09,16,26,29,31|06,09                           2013-07-27 21:30
13085                         08,19,23,27,32|03,05                           2013-07-24 21:30
13084                         08,22,26,29,35|01,05                           2013-07-22 21:30
13083                         26,29,30,32,35|04,10                           2013-07-20 21:30
13082                         03,09,25,26,33|03,12                           2013-07-17 21:30
13081                         07,09,15,17,23|02,07                           2013-07-15 21:30
13080                         06,21,23,27,31|04,06                           2013-07-13 21:30
13079                         09,10,17,21,34|01,07                           2013-07-10 21:30
13078                         02,07,23,31,33|02,08                           2013-07-08 21:30
13077                         24,26,30,32,35|06,12                           2013-07-06 21:30
13076                         13,15,16,26,27|09,10                           2013-07-03 21:30
13075                         01,11,13,19,35|07,08                           2013-07-01 21:30
13074                         06,14,20,24,32|01,07                           2013-06-29 21:30
13073                         03,05,23,27,31|02,06                           2013-06-26 21:30
13072                         12,27,28,33,35|03,05                           2013-06-24 21:30
13071                         13,19,26,27,28|03,11                           2013-06-22 21:30
13070                         09,12,18,21,29|01,08                           2013-06-19 21:30
13069                         06,12,13,16,30|07,12                           2013-06-17 21:30
13068                         10,17,27,34,35|05,07                           2013-06-15 21:30
13067                         02,03,05,08,29|10,12                           2013-06-12 21:30
13066                         06,07,13,33,34|02,11                           2013-06-10 21:30
13065                         09,28,31,34,35|02,09                           2013-06-08 21:30
13064                         21,24,26,28,32|01,03                           2013-06-05 21:30
13063                         03,05,11,27,28|05,06                           2013-06-03 21:30
13062                         01,05,08,09,12|09,12                           2013-06-01 21:30
13061                         01,14,18,21,32|05,10                           2013-05-29 21:30
13060                         15,25,26,32,35|05,10                           2013-05-27 21:30
13059                         03,08,11,24,27|07,12                           2013-05-25 21:30
13058                         20,21,27,31,35|07,11                           2013-05-22 21:30
13057                         07,15,27,33,35|07,10                           2013-05-20 21:30
13056                         11,22,30,32,35|03,04                           2013-05-18 21:30
13055                         04,05,22,23,24|03,09                           2013-05-15 21:30
13054                         05,08,21,30,32|01,08                           2013-05-13 21:30
13053                         13,31,33,34,35|05,07                           2013-05-11 21:30
13052                         01,02,10,29,31|01,10                           2013-05-08 21:30
13051                         05,08,15,18,33|07,08                           2013-05-06 21:30
13050                         14,22,30,32,33|07,08                           2013-05-04 21:30
13049                         18,22,25,31,32|04,06                           2013-05-01 21:30
13048                         10,11,23,32,33|01,04                           2013-04-29 21:30
13047                         12,20,28,30,35|03,11                           2013-04-27 21:30
13046                         15,16,19,25,32|05,11                           2013-04-24 21:30
13045                         08,11,12,21,25|02,07                           2013-04-22 21:30
13044                         07,11,13,18,28|05,10                           2013-04-20 21:30
13043                         07,13,25,34,35|07,09                           2013-04-17 21:30
13042                         02,06,22,23,33|01,06                           2013-04-15 21:30
13041                         03,13,14,15,34|05,08                           2013-04-13 21:30
13040                         16,17,22,26,35|03,10                           2013-04-10 21:30
13039                         06,23,30,33,35|07,10                           2013-04-08 21:30
13038                         01,19,24,25,26|07,09                           2013-04-06 21:30
13037                         02,26,31,32,34|06,08                           2013-04-03 21:30
13036                         08,12,32,33,35|03,05                           2013-04-01 21:30
13035                         05,14,28,32,34|07,08                           2013-03-30 21:30
13034                         01,03,11,19,29|04,08                           2013-03-27 21:30
13033                         12,18,22,28,31|01,11                           2013-03-25 21:30
13032                         12,27,28,33,35|01,08                           2013-03-23 21:30
13031                         12,17,18,26,32|10,11                           2013-03-20 21:30
13030                         03,05,09,10,28|05,07                           2013-03-18 21:30
13029                         05,07,17,25,26|04,10                           2013-03-16 21:30
13028                         13,19,28,30,34|08,12                           2013-03-13 21:30
13027                         03,12,14,24,35|03,08                           2013-03-11 21:30
13026                         02,10,16,30,33|05,06                           2013-03-09 21:30
13025                         03,23,25,26,28|10,12                           2013-03-06 21:30
13024                         09,12,14,18,24|01,04                           2013-03-04 21:30
13023                         05,19,24,26,35|05,07                           2013-03-02 21:30
13022                         03,04,13,17,23|03,08                           2013-02-27 21:30
13021                         23,24,28,30,33|01,11                           2013-02-25 21:30
13020                         06,11,20,31,32|05,09                           2013-02-23 21:30
13019                         06,12,17,29,30|07,11                           2013-02-20 21:30
13018                         20,23,31,33,34|03,09                           2013-02-18 21:30
13017                         11,14,22,29,34|05,11                           2013-02-16 21:30
13016                         05,15,19,27,32|08,09                           2013-02-06 21:30
13015                         14,15,26,32,33|01,11                           2013-02-04 21:30
13014                         05,08,25,29,31|02,04                           2013-02-02 21:30
13013                         13,15,29,30,35|01,11                           2013-01-30 21:30
13012                         01,14,31,32,34|02,11                           2013-01-28 21:30
13011                         01,02,08,15,23|06,09                           2013-01-26 21:30
13010                         09,15,17,18,29|09,11                           2013-01-23 21:30
13009                         10,17,19,27,29|05,12                           2013-01-21 21:30
13008                         02,07,25,29,34|03,06                           2013-01-19 21:30
13007                         14,29,32,33,34|03,06                           2013-01-16 21:30
13006                         08,20,25,31,32|05,07                           2013-01-14 21:30
13005                         18,22,26,28,31|10,12                           2013-01-12 21:30
13004                         07,08,12,20,25|03,07                           2013-01-09 21:30
13003                         01,16,18,21,31|09,12                           2013-01-07 21:30
13002                         04,20,27,31,32|06,12                           2013-01-05 21:30
13001                         06,09,11,31,32|05,11                           2013-01-02 21:30
12154                         03,26,27,31,32|03,09                           2012-12-31 21:30
12153                         08,09,10,13,22|05,10                           2012-12-29 21:30
12152                         04,17,26,33,34|02,08                           2012-12-26 21:30
12151                         03,19,20,24,33|03,04                           2012-12-24 21:30
12150                         02,14,18,24,31|02,03                           2012-12-22 21:30
12149                         02,10,23,33,34|05,10                           2012-12-19 21:30
12148                         04,16,27,29,34|06,11                           2012-12-17 21:30
12147                         02,03,17,19,33|02,09                           2012-12-15 21:30
12146                         01,10,13,17,26|06,08                           2012-12-12 21:30
12145                         05,22,31,33,35|06,09                           2012-12-10 21:30
12144                         11,13,14,21,29|01,10                           2012-12-08 21:30
12143                         09,27,29,30,31|03,06                           2012-12-05 21:30
12142                         15,19,29,34,35|07,10                           2012-12-03 21:30
12141                         03,11,19,23,34|02,12                           2012-12-01 21:30
12140                         07,17,27,28,29|09,10                           2012-11-28 21:30
12139                         09,10,12,22,25|04,11                           2012-11-26 21:30
12138                         13,17,27,31,33|06,12                           2012-11-24 21:30
12137                         03,12,20,21,27|01,06                           2012-11-21 21:30
12136                         02,23,29,30,31|01,04                           2012-11-19 21:30
12135                         03,05,17,18,33|06,07                           2012-11-17 21:30
12134                         01,06,18,32,35|02,07                           2012-11-14 21:30
12133                         05,07,13,29,30|01,05                           2012-11-12 21:30
12132                         05,08,21,25,33|01,11                           2012-11-10 21:30
12131                         02,16,18,27,30|08,12                           2012-11-07 21:30
12130                         14,19,23,29,30|06,07                           2012-11-05 21:30
12129                         01,07,21,28,31|03,09                           2012-11-03 21:30
12128                         09,10,19,30,31|04,11                           2012-10-31 21:30
12127                         12,13,14,25,35|10,12                           2012-10-29 21:30
12126                         13,14,21,28,29|05,10                           2012-10-27 21:30
12125                         06,14,17,22,35|01,02                           2012-10-24 21:30
12124                         07,11,19,20,35|05,10                           2012-10-22 21:30
12123                         05,08,18,30,33|01,09                           2012-10-20 21:30
12122                         23,24,25,29,31|03,12                           2012-10-17 21:30
12121                         07,18,20,29,30|05,06                           2012-10-15 21:30
12120                         02,10,21,23,29|03,04                           2012-10-13 21:30
12119                         05,06,09,19,32|06,09                           2012-10-10 21:30
12118                         05,17,25,30,33|01,12                           2012-10-08 21:30
12117                         01,12,18,21,33|07,08                           2012-10-06 21:30
12116                         01,11,18,20,22|07,10                           2012-10-03 21:30
12115                         01,06,13,19,23|06,09                           2012-10-01 21:30
12114                         03,06,21,33,35|01,07                           2012-09-29 21:30
12113                         03,10,22,27,29|03,12                           2012-09-26 21:30
12112                         01,02,28,31,35|05,07                           2012-09-24 21:30
12111                         01,24,25,30,33|04,11                           2012-09-22 21:30
12110                         01,11,17,19,26|05,12                           2012-09-19 21:30
12109                         01,22,30,32,35|09,11                           2012-09-17 21:30
12108                         06,07,12,24,35|02,06                           2012-09-15 21:30
12107                         04,07,09,22,33|01,03                           2012-09-12 21:30
12106                         15,23,25,29,31|09,10                           2012-09-10 21:30
12105                         05,06,14,15,31|06,08                           2012-09-08 21:30
12104                         16,18,24,25,27|04,09                           2012-09-05 21:30
12103                         02,09,18,23,24|01,04                           2012-09-03 21:30
12102                         02,04,06,13,35|04,08                           2012-09-01 21:30
12101                         02,05,08,09,31|03,07                           2012-08-29 21:30
12100                         07,09,13,19,27|01,03                           2012-08-27 21:30
12099                         12,18,24,25,32|02,12                           2012-08-25 21:30
12098                         02,11,28,29,30|06,12                           2012-08-22 21:30
12097                         09,17,24,29,32|01,02                           2012-08-20 21:30
12096                         05,10,19,24,35|08,09                           2012-08-18 21:30
12095                         06,09,22,27,30|08,12                           2012-08-15 21:30
12094                         02,14,23,32,35|01,10                           2012-08-13 21:30
12093                         02,16,21,31,33|04,11                           2012-08-11 21:30
12092                         08,09,23,25,31|02,12                           2012-08-08 21:30
12091                         03,10,28,31,33|01,09                           2012-08-06 21:30
12090                         02,21,27,29,33|02,10                           2012-08-04 21:30
12089                         06,12,21,29,32|06,11                           2012-08-01 21:30
12088                         13,17,24,30,35|02,10                           2012-07-30 21:30
12087                         01,06,07,21,31|04,11                           2012-07-28 21:30
12086                         03,20,25,29,32|05,10                           2012-07-25 21:30
12085                         07,18,29,31,33|10,12                           2012-07-23 21:30
12084                         21,24,27,29,31|01,02                           2012-07-21 21:30
12083                         16,19,28,29,31|05,08                           2012-07-18 21:30
12082                         02,04,09,10,15|08,10                           2012-07-16 21:30
12081                         10,16,17,30,35|01,08                           2012-07-14 21:30
12080                         11,12,14,25,28|02,05                           2012-07-11 21:30
12079                         01,05,25,32,33|01,10                           2012-07-09 21:30
12078                         01,02,23,25,35|05,12                           2012-07-07 21:30
12077                         10,30,32,33,34|02,03                           2012-07-04 21:30
12076                         02,14,16,22,24|02,05                           2012-07-02 21:30
12075                         07,09,10,18,22|05,10                           2012-06-30 21:30
12074                         10,22,23,30,32|01,07                           2012-06-27 21:30
12073                         18,23,29,33,34|02,07                           2012-06-25 21:30
12072                         04,08,17,22,25|04,10                           2012-06-23 21:30
12071                         13,23,29,31,34|06,08                           2012-06-20 21:30
12070                         09,22,23,32,34|06,08                           2012-06-18 21:30
12069                         02,04,22,25,34|02,11                           2012-06-16 21:30
12068                         01,21,31,32,35|03,06                           2012-06-13 21:30
12067                         20,22,27,30,33|01,02                           2012-06-11 21:30
12066                         01,20,25,29,33|04,06                           2012-06-09 21:30
12065                         10,22,28,29,34|05,11                           2012-06-06 21:30
12064                         09,12,13,15,30|09,10                           2012-06-04 21:30
12063                         11,25,26,29,35|01,02                           2012-06-02 21:30
12062                         21,32,33,34,35|08,09                           2012-05-30 21:30
12061                         05,10,14,27,33|07,09                           2012-05-28 21:30
12060                         02,16,21,24,30|06,10                           2012-05-26 21:30
12059                         09,13,19,21,27|03,04                           2012-05-23 21:30
12058                         13,21,29,31,35|04,12                           2012-05-21 21:30
12057                         01,02,14,33,34|03,05                           2012-05-19 21:30
12056                         11,21,23,26,34|07,09                           2012-05-16 21:30
12055                         07,22,26,32,33|01,08                           2012-05-14 21:30
12054                         01,16,18,27,30|10,11                           2012-05-12 21:30
12053                         11,12,26,28,31|07,12                           2012-05-09 21:30
12052                         10,20,26,31,33|10,12                           2012-05-07 21:30
12051                         01,02,17,18,33|05,12                           2012-05-05 21:30
12050                         13,17,22,28,29|01,10                           2012-05-02 21:30
12049                         09,18,22,27,31|10,12                           2012-04-30 21:30
12048                         06,09,26,30,35|05,06                           2012-04-28 21:30
12047                         05,07,17,30,34|03,10                           2012-04-25 21:30
12046                         04,08,19,23,27|04,11                           2012-04-23 21:30
12045                         05,11,17,20,28|11,12                           2012-04-21 21:30
12044                         03,04,14,32,35|01,02                           2012-04-18 21:30
12043                         01,06,25,31,34|03,09                           2012-04-16 21:30
12042                         07,24,27,28,35|07,12                           2012-04-14 21:30
12041                         01,02,13,22,23|02,10                           2012-04-11 21:30
12040                         02,13,23,28,29|01,05                           2012-04-09 21:30
12039                         15,21,22,24,35|01,05                           2012-04-07 21:30
12038                         11,23,25,31,35|01,03                           2012-04-04 21:30
12037                         09,13,27,31,35|03,10                           2012-04-02 21:30
12036                         01,09,20,30,31|08,12                           2012-03-31 21:30
12035                         01,04,30,32,35|08,12                           2012-03-28 21:30
12034                         01,08,15,16,29|08,09                           2012-03-26 21:30
12033                         08,13,19,27,32|01,08                           2012-03-24 21:30
12032                         07,08,16,26,34|07,11                           2012-03-21 21:30
12031                         19,21,23,25,30|03,08                           2012-03-19 21:30
12030                         03,21,22,26,32|01,03                           2012-03-17 21:30
12029                         04,07,08,18,29|07,10                           2012-03-14 21:30
12028                         10,12,15,33,34|03,10                           2012-03-12 21:30
12027                         03,10,11,22,31|05,07                           2012-03-10 21:30
12026                         10,11,22,23,29|02,09                           2012-03-07 21:30
12025                         01,02,05,12,27|04,07                           2012-03-05 21:30
12024                         03,11,17,21,30|03,07                           2012-03-03 21:30
12023                         07,09,17,29,35|09,10                           2012-02-29 21:30
12022                         07,12,20,33,35|01,10                           2012-02-27 21:30
12021                         10,15,21,31,34|07,08                           2012-02-25 21:30
12020                         12,14,27,29,34|03,06                           2012-02-22 21:30
12019                         07,09,17,30,34|01,12                           2012-02-20 21:30
12018                         03,10,14,29,31|04,08                           2012-02-18 21:30
12017                         06,11,22,29,34|03,12                           2012-02-15 21:30
12016                         05,14,20,29,31|08,12                           2012-02-13 21:30
12015                         12,13,24,26,33|06,08                           2012-02-11 21:30
12014                         10,14,24,30,32|01,12                           2012-02-08 21:30
12013                         07,08,11,12,24|01,02                           2012-02-06 21:30
12012                         06,18,22,30,35|02,07                           2012-02-04 21:30
12011                         05,19,22,29,30|02,04                           2012-02-01 21:30
12010                         25,26,29,32,34|05,07                           2012-01-30 21:30
12009                         06,14,20,29,35|09,10                           2012-01-21 21:30
12008                         06,08,30,31,32|01,11                           2012-01-18 21:30
12007                         04,05,13,17,25|07,10                           2012-01-16 21:30
12006                         03,20,22,25,27|01,09                           2012-01-14 21:30
12005                         01,02,29,31,33|07,12                           2012-01-11 21:30
12004                         10,11,22,31,32|06,07                           2012-01-09 21:30
12003                         16,22,24,33,34|03,10                           2012-01-07 21:30
12002                         03,11,14,26,29|07,08                           2012-01-04 21:30
12001                         07,27,28,32,33|01,12                           2012-01-02 21:30
11154                         04,12,16,20,28|08,11                           2011-12-31 21:30
11153                         06,22,29,30,35|03,05                           2011-12-28 21:30
11152                         01,04,06,21,35|02,11                           2011-12-26 21:30
11151                         07,11,14,20,27|03,10                           2011-12-24 21:30
11150                         13,22,30,33,34|06,12                           2011-12-21 21:30
11149                         02,07,12,29,31|03,05                           2011-12-19 21:30
11148                         07,10,11,26,31|03,04                           2011-12-17 21:30
11147                         01,15,16,27,28|02,07                           2011-12-14 21:30
11146                         09,13,19,29,34|02,11                           2011-12-12 21:30
11145                         07,15,19,24,29|04,06                           2011-12-10 21:30
11144                         07,18,24,28,33|02,03                           2011-12-07 21:30
11143                         08,09,12,25,33|07,10                           2011-12-05 21:30
11142                         04,26,30,33,34|04,06                           2011-12-03 21:30
11141                         02,11,19,22,35|10,12                           2011-11-30 21:30
11140                         01,12,32,33,34|09,11                           2011-11-28 21:30
11139                         04,06,10,15,16|03,04                           2011-11-26 21:30
11138                         17,23,26,30,32|06,12                           2011-11-23 21:30
11137                         02,15,18,23,31|01,02                           2011-11-21 21:30
11136                         08,09,11,19,33|03,12                           2011-11-19 21:30
11135                         06,22,29,33,35|03,12                           2011-11-16 21:30
11134                         01,10,12,14,17|09,10                           2011-11-14 21:30
11133                         04,11,23,26,35|03,12                           2011-11-12 21:30
11132                         12,14,16,19,33|02,09                           2011-11-09 21:30
11131                         03,05,12,18,33|07,11                           2011-11-07 20:58
11130                         08,09,13,23,35|11,12                           2011-11-05 21:30
11129                         01,07,13,18,23|04,08                           2011-11-02 21:30
11128                         03,04,06,11,13|01,02                           2011-10-31 21:30
11127                         01,11,22,26,29|05,08                           2011-10-29 21:30
11126                         07,17,29,30,33|10,12                           2011-10-26 21:30
11125                         07,10,27,34,35|10,12                           2011-10-24 21:30
11124                         08,12,14,20,25|06,08                           2011-10-22 21:30
11123                         10,14,18,19,35|01,06                           2011-10-19 21:30
11122                         03,08,23,24,34|05,12                           2011-10-17 21:30
11121                         02,03,30,31,33|03,09                           2011-10-15 21:30
11120                         20,25,26,30,31|09,10                           2011-10-12 00:00
11119                         04,15,20,26,31|06,12                           2011-10-10 00:00
11118                         04,07,11,32,35|05,07                           2011-10-08 00:00
11117                         10,12,28,32,33|03,05                           2011-10-05 00:00
11116                         10,15,18,19,26|07,12                           2011-10-03 00:00
11115                         17,26,30,31,35|06,11                           2011-10-01 00:00
11114                         06,08,17,27,35|02,11                           2011-09-28 00:00
11113                         04,05,07,10,12|04,05                           2011-09-26 00:00
11112                         06,17,28,32,33|08,12                           2011-09-24 00:00
11111                         02,11,13,23,31|11,12                           2011-09-21 00:00
11110                         30,31,33,34,35|04,07                           2011-09-19 00:00
11109                         01,11,12,22,34|08,10                           2011-09-17 00:00
11108                         07,15,18,24,28|01,07                           2011-09-14 00:00
11107                         02,06,18,30,32|01,08                           2011-09-12 00:00
11106                         01,09,29,30,35|05,09                           2011-09-10 00:00
11105                         02,11,26,32,33|05,12                           2011-09-07 00:00
11104                         07,19,27,28,34|02,05                           2011-09-05 00:00
11103                         03,04,26,29,34|01,03                           2011-09-03 00:00
11102                         19,24,28,31,34|04,12                           2011-08-31 00:00
11101                         05,12,20,28,30|03,07                           2011-08-29 00:00
11100                         08,11,13,28,33|08,09                           2011-08-27 00:00
11099                         02,06,09,12,20|05,08                           2011-08-24 00:00
11098                         06,07,28,33,35|01,10                           2011-08-22 00:00
11097                         04,19,28,31,33|11,12                           2011-08-20 00:00
11096                         03,08,20,24,25|01,02                           2011-08-17 00:00
11095                         09,12,17,19,29|06,11                           2011-08-15 00:00
11094                         11,21,22,32,34|04,08                           2011-08-13 00:00
11093                         04,06,08,19,31|10,11                           2011-08-10 00:00
11092                         10,17,19,32,33|01,12                           2011-08-08 00:00
11091                         11,17,23,29,30|06,08                           2011-08-06 00:00
11090                         02,04,29,30,34|05,08                           2011-08-03 00:00
11089                         05,06,23,27,34|03,04                           2011-08-01 00:00
11088                         20,21,27,29,35|03,08                           2011-07-30 00:00
11087                         06,13,20,25,34|07,09                           2011-07-27 00:00
11086                         04,05,06,09,15|01,06                           2011-07-25 00:00
11085                         02,17,19,21,22|03,10                           2011-07-23 00:00
11084                         14,29,31,34,35|01,12                           2011-07-20 00:00
11083                         06,08,18,20,24|04,08                           2011-07-18 00:00
11082                         07,20,25,30,32|05,09                           2011-07-16 00:00
11081                         04,13,20,21,35|02,09                           2011-07-13 00:00
11080                         05,12,30,31,32|01,03                           2011-07-11 00:00
11079                         01,03,23,30,31|02,10                           2011-07-09 00:00
11078                         04,09,16,27,30|02,06                           2011-07-06 00:00
11077                         05,08,19,33,34|01,12                           2011-07-04 00:00
11076                         18,23,25,29,30|01,02                           2011-07-02 00:00
11075                         06,09,20,23,28|06,10                           2011-06-29 21:07
11074                         07,16,23,28,31|03,06                           2011-06-27 21:30
11073                         13,19,20,22,33|05,11                           2011-06-25 21:30
11072                         03,11,13,20,35|03,08                           2011-06-22 21:30
11071                         27,31,33,34,35|04,06                           2011-06-20 21:30
11070                         09,19,22,29,30|02,08                           2011-06-18 00:00
11069                         03,05,28,29,33|04,12                           2011-06-15 00:00
11068                         01,13,16,18,32|07,09                           2011-06-13 00:00
11067                         10,17,22,24,32|03,10                           2011-06-11 00:00
11066                         06,13,18,20,33|09,10                           2011-06-08 00:00
11065                         03,11,14,25,34|01,04                           2011-06-06 00:00
11064                         01,06,27,30,34|01,06                           2011-06-04 00:00
11063                         10,17,18,26,32|01,05                           2011-06-01 00:00
11062                         06,10,17,20,21|03,07                           2011-05-30 00:00
11061                         06,07,16,18,20|04,10                           2011-05-28 00:00
11060                         03,25,29,32,34|09,10                           2011-05-25 00:00
11059                         09,16,21,29,34|07,10                           2011-05-23 00:00
11058                         01,09,27,32,33|03,06                           2011-05-21 00:00
11057                         07,11,30,31,34|09,12                           2011-05-18 00:00
11056                         03,05,29,30,31|08,10                           2011-05-16 00:00
11055                         01,07,31,32,35|02,10                           2011-05-14 00:00
11054                         05,09,16,26,35|03,10                           2011-05-11 00:00
11053                         03,16,28,31,32|01,09                           2011-05-09 00:00
11052                         13,24,31,32,33|03,09                           2011-05-07 00:00
11051                         06,08,12,17,18|05,10                           2011-05-04 00:00
11050                         04,07,29,32,33|08,10                           2011-05-02 00:00
11049                         05,06,10,22,25|01,09                           2011-04-30 21:30
11048                         13,17,25,27,28|02,03                           2011-04-27 21:30
11047                         02,15,22,33,35|05,08                           2011-04-25 21:30
11046                         09,15,16,19,29|04,06                           2011-04-23 21:30
11045                         13,21,22,29,31|07,11                           2011-04-20 21:30
11044                         11,21,24,26,31|06,07                           2011-04-18 21:30
11043                         02,08,23,33,35|05,10                           2011-04-16 21:30
11042                         06,09,18,30,32|10,12                           2011-04-13 21:30
11041                         04,05,11,13,25|03,06                           2011-04-11 21:30
11040                         03,07,15,18,20|01,06                           2011-04-09 21:30
11039                         01,11,14,22,34|06,08                           2011-04-06 21:30
11038                         07,09,11,13,33|10,12                           2011-04-04 21:30
11037                         01,12,14,22,24|10,12                           2011-04-02 21:30
11036                         03,18,29,30,33|08,09                           2011-03-30 21:30
11035                         03,04,13,15,32|04,09                           2011-03-28 21:30
11034                         03,06,09,17,27|03,09                           2011-03-26 21:30
11033                         03,19,24,29,33|03,09                           2011-03-23 21:30
11032                         07,16,23,31,33|03,10                           2011-03-21 21:30
11031                         12,17,19,22,35|04,11                           2011-03-19 21:30
11030                         15,19,25,30,33|03,08                           2011-03-16 21:30
11029                         03,09,17,24,28|06,12                           2011-03-14 21:30
11028                         01,02,13,17,28|01,04                           2011-03-12 21:30
11027                         05,14,25,34,35|02,05                           2011-03-09 21:30
11026                         01,09,15,20,29|07,09                           2011-03-07 21:30
11025                         08,09,25,28,29|02,10                           2011-03-05 21:30
11024                         12,15,16,20,33|08,12                           2011-03-02 21:30
11023                         05,13,16,18,24|02,12                           2011-02-28 21:30
11022                         09,14,24,25,34|01,04                           2011-02-26 21:30
11021                         01,09,13,17,30|02,08                           2011-02-23 21:30
11020                         09,12,19,22,28|01,05                           2011-02-21 21:30
11019                         08,21,23,27,33|06,11                           2011-02-19 21:30
11018                         16,22,24,32,34|02,10                           2011-02-16 21:30
11017                         16,19,24,26,31|02,04                           2011-02-14 21:30
11016                         15,20,30,33,35|06,09                           2011-02-12 21:30
11015                         08,18,19,22,23|01,03                           2011-02-09 21:30
11014                         02,14,20,21,24|02,09                           2011-01-31 21:30
11013                         05,08,14,28,30|04,06                           2011-01-29 21:30
11012                         03,12,19,25,30|08,11                           2011-01-26 21:30
11011                         02,17,23,24,30|02,09                           2011-01-24 21:30
11010                         04,08,10,14,27|05,07                           2011-01-22 21:30
11009                         09,10,11,14,24|03,08                           2011-01-19 21:30
11008                         01,23,26,27,30|05,06                           2011-01-17 21:30
11007                         14,24,32,33,35|02,09                           2011-01-15 21:30
11006                         02,08,16,26,35|11,12                           2011-01-12 21:30
11005                         01,07,25,27,30|07,12                           2011-01-10 21:30
11004                         07,08,10,23,25|07,09                           2011-01-08 21:30
11003                         01,24,27,30,31|01,06                           2011-01-05 21:30
11002                         11,13,27,28,29|02,06                           2011-01-03 21:30
11001                         07,08,15,32,34|05,12                           2011-01-01 21:30
10153                         06,07,16,24,35|04,06                           2010-12-29 21:30
10152                         02,05,18,22,23|07,12                           2010-12-27 21:30
10151                         01,10,32,33,35|03,08                           2010-12-25 21:30
10150                         05,24,28,29,35|01,09                           2010-12-22 21:30
10149                         05,22,24,25,30|01,06                           2010-12-20 21:30
10148                         03,04,08,10,35|02,06                           2010-12-18 21:30
10147                         01,15,19,21,23|11,12                           2010-12-15 21:30
10146                         14,17,30,31,34|04,10                           2010-12-13 21:30
10145                         18,19,27,28,33|03,06                           2010-12-11 21:30
10144                         02,11,16,22,31|10,11                           2010-12-08 21:30
10143                         10,16,18,22,27|06,08                           2010-12-06 21:30
10142                         10,11,19,21,27|04,06                           2010-12-04 21:30
10141                         05,11,17,23,33|03,10                           2010-12-01 21:30
10140                         06,18,20,30,31|03,06                           2010-11-29 21:30
10139                         03,13,16,19,29|07,09                           2010-11-27 21:30
10138                         08,12,14,19,27|05,06                           2010-11-24 21:30
10137                         22,27,28,33,35|09,11                           2010-11-22 21:30
10136                         03,13,18,30,33|07,08                           2010-11-20 21:30
10135                         14,17,19,26,32|03,04                           2010-11-17 21:30
10134                         09,12,13,19,30|04,05                           2010-11-15 21:30
10133                         11,16,17,21,22|03,06                           2010-11-13 21:30
10132                         18,21,23,25,29|06,11                           2010-11-10 21:30
10131                         10,15,22,28,29|04,12                           2010-11-08 21:30
10130                         05,06,09,10,34|08,11                           2010-11-06 21:30
10129                         14,15,24,25,26|03,07                           2010-11-03 21:30
10128                         06,17,19,29,35|02,08                           2010-11-01 21:30
10127                         03,22,24,30,33|04,10                           2010-10-30 21:30
10126                         03,05,09,13,33|05,11                           2010-10-27 21:30
10125                         01,07,09,14,19|09,12                           2010-10-25 21:30
10124                         01,09,27,29,34|01,06                           2010-10-23 21:30
10123                         18,20,30,32,33|01,11                           2010-10-20 21:30
10122                         05,06,11,13,26|02,07                           2010-10-18 21:30
10121                         21,22,31,32,34|02,12                           2010-10-16 21:30
10120                         08,10,18,34,35|06,10                           2010-10-13 21:30
10119                         05,13,14,23,26|02,03                           2010-10-11 21:30
10118                         19,22,23,29,35|08,10                           2010-10-09 21:30
10117                         04,06,21,27,34|05,09                           2010-10-06 21:30
10116                         14,22,27,28,35|04,10                           2010-10-04 21:30
10115                         05,07,10,15,32|03,08                           2010-10-02 21:30
10114                         03,07,22,25,35|03,11                           2010-09-29 21:30
10113                         05,16,22,23,32|04,10                           2010-09-27 21:30
10112                         14,15,18,34,35|08,10                           2010-09-25 21:30
10111                         03,06,13,14,29|01,02                           2010-09-22 21:30
10110                         21,29,30,33,35|07,11                           2010-09-20 21:30
10109                         01,02,08,11,25|10,12                           2010-09-18 21:30
10108                         01,10,13,19,34|09,12                           2010-09-15 21:30
10107                         14,17,22,27,34|03,05                           2010-09-13 21:30
10106                         05,27,28,29,34|09,12                           2010-09-11 21:30
10105                         05,17,26,27,35|08,09                           2010-09-08 21:30
10104                         14,25,30,32,33|01,11                           2010-09-06 21:30
10103                         10,14,29,30,35|05,08                           2010-09-04 21:30
10102                         04,15,19,24,35|01,10                           2010-09-01 21:30
10101                         11,15,22,27,35|05,08                           2010-08-30 21:30
10100                         19,20,30,33,35|06,08                           2010-08-28 21:30
10099                         03,11,17,21,30|01,08                           2010-08-25 21:30
10098                         02,03,12,13,25|01,07                           2010-08-23 21:30
10097                         09,17,21,28,29|02,08                           2010-08-21 21:30
10096                         04,09,24,30,35|01,10                           2010-08-18 21:30
10095                         12,14,16,19,25|01,06                           2010-08-16 21:30
10094                         20,32,33,34,35|06,07                           2010-08-14 21:30
10093                         02,04,09,28,29|05,08                           2010-08-11 21:30
10092                         02,15,29,30,34|02,12                           2010-08-09 21:30
10091                         06,10,23,26,31|05,07                           2010-08-07 21:30
10090                         08,24,26,31,32|07,09                           2010-08-04 21:30
10089                         04,10,13,18,23|08,10                           2010-08-02 21:30
10088                         03,05,14,30,35|03,06                           2010-07-31 21:30
10087                         01,12,20,21,24|02,08                           2010-07-28 21:30
10086                         01,02,12,19,35|05,07                           2010-07-26 21:30
10085                         02,10,16,18,34|02,03                           2010-07-24 21:30
10084                         03,13,14,22,26|02,05                           2010-07-21 21:30
10083                         07,11,21,22,35|04,07                           2010-07-19 21:30
10082                         05,08,24,29,30|04,06                           2010-07-17 21:30
10081                         14,18,20,24,27|05,10                           2010-07-14 21:30
10080                         08,19,27,29,34|04,10                           2010-07-12 21:30
10079                         01,04,21,22,24|02,05                           2010-07-10 21:30
10078                         02,03,15,28,35|01,11                           2010-07-07 21:30
10077                         06,07,09,17,24|02,12                           2010-07-05 21:30
10076                         09,12,16,19,35|02,12                           2010-07-03 21:30
10075                         10,12,17,23,27|05,07                           2010-06-30 21:30
10074                         03,07,20,27,32|02,12                           2010-06-28 21:30
10073                         04,09,11,30,32|01,11                           2010-06-26 21:30
10072                         05,10,17,23,25|03,10                           2010-06-23 21:30
10071                         07,12,26,30,32|02,07                           2010-06-21 21:30
10070                         05,14,23,25,28|11,12                           2010-06-19 21:30
10069                         06,17,18,25,29|08,09                           2010-06-16 21:30
10068                         11,17,19,20,34|06,10                           2010-06-14 21:30
10067                         01,11,19,30,32|03,10                           2010-06-12 21:30
10066                         15,21,22,24,27|01,06                           2010-06-09 21:30
10065                         05,08,13,14,32|08,11                           2010-06-07 21:30
10064                         07,10,12,20,21|06,09                           2010-06-05 21:30
10063                         07,14,16,30,31|03,06                           2010-06-02 21:30
10062                         06,07,18,30,31|07,08                           2010-05-31 21:30
10061                         05,12,14,17,22|05,07                           2010-05-29 21:30
10060                         10,13,22,33,34|01,05                           2010-05-26 21:30
10059                         06,10,14,25,34|01,03                           2010-05-24 21:30
10058                         06,15,17,19,30|01,12                           2010-05-22 21:30
10057                         15,17,24,32,35|07,09                           2010-05-19 21:30
10056                         05,09,23,25,30|09,12                           2010-05-17 21:30
10055                         13,14,17,27,32|02,10                           2010-05-15 21:30
10054                         12,25,29,30,33|10,11                           2010-05-12 21:30
10053                         09,19,22,26,34|09,11                           2010-05-10 21:30
10052                         04,06,25,29,32|05,06                           2010-05-08 21:30
10051                         06,10,20,24,32|06,10                           2010-05-05 21:30
10050                         07,08,15,30,35|05,10                           2010-05-03 21:30
10049                         01,25,29,31,33|04,10                           2010-05-01 21:30
10048                         02,03,10,12,25|03,09                           2010-04-28 21:30
10047                         04,08,11,30,31|02,08                           2010-04-26 21:30
10046                         02,15,19,26,27|05,06                           2010-04-24 21:30
10045                         08,17,18,20,28|09,10                           2010-04-21 21:30
10044                         06,21,24,28,30|02,07                           2010-04-19 21:30
10043                         05,08,10,33,35|02,10                           2010-04-17 21:30
10042                         01,05,19,34,35|06,07                           2010-04-14 21:30
10041                         16,22,28,29,34|04,12                           2010-04-12 21:30
10040                         13,20,26,31,35|02,11                           2010-04-10 21:30
10039                         07,19,26,28,32|01,08                           2010-04-07 21:30
10038                         08,10,25,29,33|01,02                           2010-04-05 21:30
10037                         19,21,26,34,35|01,09                           2010-04-03 21:30
10036                         19,25,28,31,33|01,08                           2010-03-31 21:30
10035                         14,16,20,31,34|01,07                           2010-03-29 21:30
10034                         01,06,19,25,26|03,09                           2010-03-27 21:30
10033                         12,19,28,29,30|05,08                           2010-03-24 21:30
10032                         13,16,23,24,33|07,11                           2010-03-22 21:30
10031                         05,13,16,17,35|06,08                           2010-03-20 21:30
10030                         10,12,19,32,35|02,07                           2010-03-17 21:30
10029                         21,22,33,34,35|03,04                           2010-03-15 21:30
10028                         01,02,07,20,35|01,03                           2010-03-13 21:30
10027                         05,23,26,32,34|02,09                           2010-03-10 21:30
10026                         05,23,25,31,35|07,10                           2010-03-08 21:30
10025                         09,11,13,14,25|01,07                           2010-03-06 21:30
10024                         03,14,19,24,25|04,11                           2010-03-03 21:30
10023                         11,13,29,32,33|02,08                           2010-03-01 21:30
10022                         02,11,13,14,25|02,05                           2010-02-27 21:30
10021                         11,20,23,24,25|07,09                           2010-02-24 21:30
10020                         08,18,26,32,33|01,06                           2010-02-22 21:30
10019                         03,11,19,26,27|02,09                           2010-02-20 21:30
10018                         03,10,26,32,33|04,12                           2010-02-10 21:30
10017                         13,21,23,27,34|09,12                           2010-02-08 21:30
10016                         10,12,20,23,32|04,10                           2010-02-06 21:30
10015                         03,10,14,18,28|08,10                           2010-02-03 21:30
10014                         18,19,30,33,35|02,04                           2010-02-01 21:30
10013                         18,21,22,26,34|09,12                           2010-01-30 21:30
10012                         20,24,30,31,33|05,12                           2010-01-27 21:30
10011                         02,03,11,27,32|08,11                           2010-01-25 21:30
10010                         15,22,24,32,35|02,09                           2010-01-23 21:30
10009                         02,05,13,27,32|03,11                           2010-01-20 21:30
10008                         11,23,25,31,32|05,11                           2010-01-18 21:30
10007                         07,23,26,29,32|08,11                           2010-01-16 21:30
10006                         03,13,19,30,34|02,05                           2010-01-13 21:30
10005                         04,17,19,22,30|02,03                           2010-01-11 21:30
10004                         03,06,21,24,34|04,06                           2010-01-09 21:30
10003                         05,14,23,27,30|02,08                           2010-01-06 21:30
10002                         04,23,25,26,30|07,10                           2010-01-04 21:30
10001                         02,06,07,12,27|02,08                           2010-01-02 21:30
09153                         21,22,30,32,34|03,07                           2009-12-30 00:00
09152                         01,23,29,30,32|07,12                           2009-12-28 00:00
09151                         03,08,14,30,31|04,09                           2009-12-26 00:00
09150                         04,11,18,25,34|05,07                           2009-12-23 00:00
09149                         01,03,10,12,20|02,07                           2009-12-21 00:00
09148                         02,04,13,14,33|01,09                           2009-12-19 00:00
09147                         06,12,18,22,29|05,08                           2009-12-16 00:00
09146                         11,17,23,24,25|03,06                           2009-12-14 00:00
09145                         05,11,14,22,35|03,10                           2009-12-12 00:00
09144                         18,26,32,33,34|04,06                           2009-12-09 00:00
09143                         01,09,10,11,22|01,12                           2009-12-07 00:00
09142                         05,06,13,24,31|03,11                           2009-12-05 00:00
09141                         13,14,21,30,33|02,08                           2009-12-02 00:00
09140                         07,08,19,26,30|01,12                           2009-11-30 00:00
09139                         14,16,20,22,32|05,09                           2009-11-28 00:00
09138                         03,04,14,28,32|09,10                           2009-11-25 00:00
09137                         12,28,29,30,34|01,09                           2009-11-23 00:00
09136                         07,13,23,24,29|06,10                           2009-11-21 00:00
09135                         06,08,15,20,32|05,06                           2009-11-18 00:00
09134                         02,16,19,28,33|07,11                           2009-11-16 00:00
09133                         01,08,24,27,34|10,11                           2009-11-14 00:00
09132                         02,10,12,15,28|04,07                           2009-11-11 00:00
09131                         02,03,08,33,34|03,11                           2009-11-09 00:00
09130                         09,14,25,32,34|02,08                           2009-11-07 00:00
09129                         02,10,18,32,33|03,08                           2009-11-04 00:00
09128                         06,21,28,32,34|04,07                           2009-11-02 00:00
09127                         05,09,27,32,34|05,08                           2009-10-31 00:00
09126                         14,23,27,28,33|08,12                           2009-10-28 00:00
09125                         08,20,23,29,31|02,11                           2009-10-26 00:00
09124                         01,03,14,32,35|07,11                           2009-10-24 00:00
09123                         10,21,28,29,32|06,10                           2009-10-21 00:00
09122                         01,02,11,31,33|05,06                           2009-10-19 00:00
09121                         04,05,08,11,22|02,10                           2009-10-17 00:00
09120                         11,23,27,28,32|02,05                           2009-10-14 00:00
09119                         03,12,22,23,28|04,12                           2009-10-12 00:00
09118                         10,17,18,21,34|05,11                           2009-10-10 00:00
09117                         07,21,29,31,33|09,10                           2009-10-07 00:00
09116                         12,15,23,30,33|09,12                           2009-10-05 00:00
09115                         01,02,06,08,26|05,12                           2009-10-03 00:00
09114                         02,08,25,29,33|03,07                           2009-09-30 00:00
09113                         03,04,10,18,27|06,08                           2009-09-28 00:00
09112                         02,08,12,34,35|04,05                           2009-09-26 00:00
09111                         04,11,13,19,35|10,12                           2009-09-23 00:00
09110                         22,28,30,31,34|07,09                           2009-09-21 00:00
09109                         02,11,13,26,35|06,10                           2009-09-19 00:00
09108                         01,09,14,29,30|07,10                           2009-09-16 00:00
09107                         11,12,33,34,35|01,10                           2009-09-14 00:00
09106                         11,21,22,25,34|06,09                           2009-09-12 00:00
09105                         01,25,26,34,35|06,11                           2009-09-09 00:00
09104                         15,25,29,32,33|10,11                           2009-09-07 00:00
09103                         16,20,28,32,33|01,02                           2009-09-05 00:00
09102                         11,13,29,32,35|10,12                           2009-09-02 00:00
09101                         02,10,14,22,26|04,09                           2009-08-31 00:00
09100                         16,20,25,29,33|01,08                           2009-08-29 00:00
09099                         03,09,21,23,33|06,10                           2009-08-26 00:00
09098                         11,17,19,25,26|02,10                           2009-08-24 00:00
09097                         06,13,14,22,25|01,04                           2009-08-22 00:00
09096                         07,12,28,32,33|01,03                           2009-08-19 00:00
09095                         08,18,24,30,33|01,06                           2009-08-17 00:00
09094                         01,05,21,23,29|05,12                           2009-08-15 00:00
09093                         07,09,22,30,33|09,11                           2009-08-12 00:00
09092                         10,21,22,27,29|08,12                           2009-08-10 00:00
09091                         01,05,17,32,34|03,07                           2009-08-08 00:00
09090                         18,25,30,33,34|04,10                           2009-08-05 00:00
09089                         03,06,11,19,27|02,07                           2009-08-03 00:00
09088                         13,16,27,32,34|03,09                           2009-08-01 00:00
09087                         10,24,28,30,33|01,10                           2009-07-29 00:00
09086                         01,02,07,26,29|10,12                           2009-07-27 00:00
09085                         06,13,27,33,34|09,12                           2009-07-25 00:00
09084                         05,09,19,26,35|02,10                           2009-07-22 00:00
09083                         02,05,28,34,35|01,07                           2009-07-20 00:00
09082                         05,11,26,29,32|08,11                           2009-07-18 00:00
09081                         02,15,20,25,33|03,06                           2009-07-15 00:00
09080                         07,16,19,29,35|02,11                           2009-07-13 00:00
09079                         01,02,07,13,34|04,10                           2009-07-11 00:00
09078                         11,23,26,31,34|05,11                           2009-07-08 00:00
09077                         07,20,28,32,34|06,08                           2009-07-06 00:00
09076                         03,09,11,18,24|04,05                           2009-07-04 00:00
09075                         01,07,11,32,33|09,11                           2009-07-01 00:00
09074                         15,17,19,23,32|01,11                           2009-06-29 00:00
09073                         01,10,19,21,30|01,04                           2009-06-27 00:00
09072                         23,26,29,32,33|05,10                           2009-06-24 00:00
09071                         04,20,29,30,33|02,11                           2009-06-22 00:00
09070                         10,21,24,30,31|03,10                           2009-06-20 00:00
09069                         14,16,27,30,33|08,12                           2009-06-17 00:00
09068                         02,12,15,20,28|01,12                           2009-06-15 00:00
09067                         03,06,25,28,32|02,05                           2009-06-13 00:00
09066                         01,08,19,24,31|06,12                           2009-06-10 00:00
09065                         01,12,24,27,32|02,11                           2009-06-08 00:00
09064                         06,10,11,17,34|11,12                           2009-06-06 00:00
09063                         05,06,18,21,22|01,07                           2009-06-03 00:00
09062                         04,22,23,29,31|05,11                           2009-06-01 00:00
09061                         02,10,21,26,34|02,10                           2009-05-30 00:00
09060                         18,28,29,30,31|04,08                           2009-05-27 00:00
09059                         02,13,14,29,33|04,11                           2009-05-25 00:00
09058                         08,10,14,27,32|02,07                           2009-05-23 00:00
09057                         06,15,22,27,30|02,09                           2009-05-20 00:00
09056                         04,13,17,32,35|03,06                           2009-05-18 00:00
09055                         05,08,14,23,24|05,06                           2009-05-16 00:00
09054                         02,12,19,29,30|07,12                           2009-05-13 00:00
09053                         05,09,24,31,33|05,06                           2009-05-11 00:00
09052                         23,24,30,34,35|01,03                           2009-05-09 00:00
09051                         03,11,22,26,29|05,12                           2009-05-06 00:00
09050                         05,15,28,32,33|08,09                           2009-05-04 00:00
09049                         05,16,28,29,34|11,12                           2009-05-02 00:00
09048                         05,06,22,25,27|11,12                           2009-04-29 00:00
09047                         13,18,21,24,29|03,06                           2009-04-27 00:00
09046                         01,09,24,34,35|04,09                           2009-04-25 00:00
09045                         01,09,14,24,35|06,09                           2009-04-22 00:00
09044                         01,07,18,29,34|03,09                           2009-04-20 00:00
09043                         05,21,22,32,35|02,05                           2009-04-18 00:00
09042                         11,24,25,26,31|02,07                           2009-04-15 00:00
09041                         05,09,20,23,29|04,10                           2009-04-13 00:00
09040                         03,16,30,32,33|01,10                           2009-04-11 00:00
09039                         01,03,07,10,33|03,04                           2009-04-08 00:00
09038                         06,17,20,29,32|04,05                           2009-04-06 00:00
09037                         17,18,19,25,31|01,11                           2009-04-04 00:00
09036                         02,12,26,31,33|09,10                           2009-04-01 00:00
09035                         03,07,09,28,33|03,08                           2009-03-30 00:00
09034                         05,19,31,32,35|04,09                           2009-03-28 00:00
09033                         02,08,18,21,32|08,11                           2009-03-25 00:00
09032                         04,12,20,26,29|06,10                           2009-03-23 00:00
09031                         07,11,19,21,22|01,11                           2009-03-21 00:00
09030                         01,07,27,30,32|01,04                           2009-03-18 00:00
09029                         03,04,13,17,24|04,11                           2009-03-16 00:00
09028                         06,20,30,32,35|09,11                           2009-03-14 00:00
09027                         03,22,26,33,34|09,10                           2009-03-11 00:00
09026                         24,30,31,32,34|10,12                           2009-03-09 00:00
09025                         03,17,22,23,33|04,10                           2009-03-07 00:00
09024                         29,31,32,33,35|10,11                           2009-03-04 00:00
09023                         15,17,21,27,33|07,11                           2009-03-02 00:00
09022                         12,14,17,34,35|04,11                           2009-02-28 00:00
09021                         01,15,31,32,34|03,08                           2009-02-25 00:00
09020                         05,16,18,32,35|02,11                           2009-02-23 00:00
09019                         04,29,31,32,35|04,10                           2009-02-21 00:00
09018                         01,06,13,28,29|03,09                           2009-02-18 00:00
09017                         05,11,23,26,33|04,12                           2009-02-16 00:00
09016                         10,11,20,26,27|09,11                           2009-02-14 00:00
09015                         01,05,10,16,27|03,04                           2009-02-11 00:00
09014                         08,14,15,25,26|07,09                           2009-02-09 00:00
09013                         05,24,26,30,35|05,12                           2009-02-07 00:00
09012                         02,05,20,25,31|10,12                           2009-02-04 00:00
09011                         02,11,13,14,21|02,04                           2009-02-02 00:00
09010                         02,09,12,21,29|07,11                           2009-01-24 00:00
09009                         12,18,23,26,32|06,09                           2009-01-21 00:00
09008                         04,17,21,29,31|02,12                           2009-01-19 00:00
09007                         06,14,15,29,35|06,11                           2009-01-17 00:00
09006                         02,04,22,31,35|09,12                           2009-01-14 00:00
09005                         10,11,15,31,32|05,08                           2009-01-12 00:00
09004                         01,03,22,32,35|06,10                           2009-01-10 00:00
09003                         16,18,23,30,32|02,11                           2009-01-07 00:00
09002                         01,04,07,12,30|05,10                           2009-01-05 00:00
09001                         01,15,23,27,30|04,10                           2009-01-03 00:00
08154                         05,07,10,29,32|04,06                           2008-12-31 00:00
08153                         02,04,06,25,26|02,05                           2008-12-29 00:00
08152                         03,05,14,20,33|07,11                           2008-12-27 00:00
08151                         07,10,27,31,34|08,09                           2008-12-24 00:00
08150                         01,09,10,15,25|03,08                           2008-12-22 00:00
08149                         02,05,06,27,29|03,04                           2008-12-20 00:00
08148                         03,07,20,33,35|04,07                           2008-12-17 00:00
08147                         16,18,19,24,35|11,12                           2008-12-15 00:00
08146                         09,23,24,26,33|07,12                           2008-12-13 00:00
08145                         05,16,27,29,30|05,11                           2008-12-10 00:00
08144                         10,19,27,28,33|05,12                           2008-12-08 00:00
08143                         01,02,22,29,32|01,04                           2008-12-06 00:00
08142                         06,18,21,30,35|08,09                           2008-12-03 00:00
08141                         09,15,18,30,34|04,05                           2008-12-01 00:00
08140                         02,09,11,29,32|08,09                           2008-11-29 00:00
08139                         01,06,10,14,22|06,08                           2008-11-26 00:00
08138                         04,05,18,22,35|07,08                           2008-11-24 00:00
08137                         01,10,25,32,35|05,09                           2008-11-22 00:00
08136                         03,28,29,32,34|01,06                           2008-11-19 00:00
08135                         07,22,25,29,33|01,12                           2008-11-17 00:00
08134                         11,13,15,28,35|08,10                           2008-11-15 00:00
08133                         10,12,15,33,35|03,09                           2008-11-12 00:00
08132                         06,14,24,27,29|05,09                           2008-11-10 00:00
08131                         08,09,12,21,32|07,11                           2008-11-08 00:00
08130                         03,05,22,29,34|07,12                           2008-11-05 00:00
08129                         13,16,20,25,27|04,05                           2008-11-03 00:00
08128                         12,15,23,24,25|10,11                           2008-11-01 00:00
08127                         08,21,22,31,33|01,07                           2008-10-29 00:00
08126                         09,29,32,34,35|01,08                           2008-10-27 00:00
08125                         01,04,28,33,34|06,11                           2008-10-25 00:00
08124                         02,10,13,29,33|06,10                           2008-10-22 00:00
08123                         01,06,12,28,31|08,09                           2008-10-20 00:00
08122                         03,06,12,20,29|09,12                           2008-10-18 00:00
08121                         11,23,24,32,35|04,10                           2008-10-15 00:00
08120                         21,23,24,25,32|03,04                           2008-10-13 00:00
08119                         01,02,10,19,27|01,11                           2008-10-11 00:00
08118                         06,09,19,25,30|06,12                           2008-10-08 00:00
08117                         13,23,24,25,30|02,08                           2008-10-06 00:00
08116                         06,08,15,24,31|01,03                           2008-10-04 00:00
08115                         07,09,19,21,33|07,10                           2008-10-01 00:00
08114                         02,03,22,27,31|06,07                           2008-09-29 00:00
08113                         11,14,17,19,22|01,08                           2008-09-27 00:00
08112                         04,18,26,32,33|05,08                           2008-09-24 00:00
08111                         02,11,12,14,19|05,09                           2008-09-22 00:00
08110                         05,16,25,27,33|04,09                           2008-09-20 00:00
08109                         01,10,18,28,34|05,08                           2008-09-17 00:00
08108                         11,16,24,29,32|09,11                           2008-09-15 00:00
08107                         01,02,13,15,16|04,09                           2008-09-13 00:00
08106                         03,05,21,28,33|02,06                           2008-09-10 00:00
08105                         12,21,22,26,35|04,05                           2008-09-08 00:00
08104                         07,08,10,24,34|08,11                           2008-09-06 00:00
08103                         02,11,22,30,34|04,09                           2008-09-03 00:00
08102                         05,25,26,29,35|03,10                           2008-09-01 00:00
08101                         10,13,23,31,33|04,11                           2008-08-30 00:00
08100                         12,20,26,29,30|02,06                           2008-08-27 00:00
08099                         03,18,23,25,30|06,10                           2008-08-25 00:00
08098                         07,10,22,27,33|04,08                           2008-08-23 00:00
08097                         01,10,31,33,35|03,10                           2008-08-20 00:00
08096                         06,07,12,25,28|02,12                           2008-08-18 00:00
08095                         03,04,11,21,25|01,07                           2008-08-16 00:00
08094                         07,12,19,27,34|11,12                           2008-08-13 00:00
08093                         06,07,10,24,30|05,08                           2008-08-11 00:00
08092                         03,23,26,32,34|04,09                           2008-08-09 00:00
08091                         09,13,19,22,25|04,10                           2008-08-06 00:00
08090                         04,11,18,33,34|02,06                           2008-08-04 00:00
08089                         08,13,24,32,33|03,09                           2008-08-02 00:00
08088                         07,11,19,27,31|02,03                           2008-07-30 00:00
08087                         14,22,32,33,35|01,05                           2008-07-28 00:00
08086                         01,06,10,22,35|03,07                           2008-07-26 00:00
08085                         03,07,13,15,19|02,10                           2008-07-23 00:00
08084                         02,17,20,22,25|05,11                           2008-07-21 00:00
08083                         06,14,15,30,31|03,10                           2008-07-19 00:00
08082                         15,19,29,33,35|01,02                           2008-07-16 00:00
08081                         07,08,20,22,29|04,07                           2008-07-14 00:00
08080                         06,09,29,31,33|05,11                           2008-07-12 00:00
08079                         20,23,26,32,33|05,12                           2008-07-09 00:00
08078                         08,17,20,28,31|07,11                           2008-07-07 00:00
08077                         01,08,21,33,34|05,07                           2008-07-05 00:00
08076                         03,05,10,27,34|01,12                           2008-07-02 00:00
08075                         01,10,13,30,33|06,07                           2008-06-30 00:00
08074                         10,13,22,31,35|04,12                           2008-06-28 00:00
08073                         02,05,06,07,31|08,10                           2008-06-25 00:00
08072                         10,25,32,33,34|03,09                           2008-06-23 00:00
08071                         01,05,11,14,25|01,09                           2008-06-21 00:00
08070                         09,17,18,21,31|01,05                           2008-06-18 00:00
08069                         05,13,16,29,33|06,08                           2008-06-16 00:00
08068                         06,09,11,33,34|06,10                           2008-06-14 00:00
08067                         03,10,14,15,22|04,07                           2008-06-11 00:00
08066                         02,07,21,22,25|04,12                           2008-06-09 00:00
08065                         19,22,23,25,32|06,12                           2008-06-07 00:00
08064                         14,18,24,27,31|06,07                           2008-06-04 00:00
08063                         07,11,24,30,35|06,08                           2008-06-02 00:00
08062                         01,15,27,28,29|03,10                           2008-05-31 00:00
08061                         07,10,14,19,32|03,06                           2008-05-28 00:00
08060                         03,13,17,23,30|01,11                           2008-05-26 00:00
08059                         07,13,21,25,31|08,10                           2008-05-24 00:00
08058                         03,09,11,29,33|03,12                           2008-05-21 00:00
08057                         05,08,09,17,33|05,06                           2008-05-19 00:00
08056                         15,19,25,30,31|03,09                           2008-05-17 00:00
08055                         02,14,28,30,35|04,12                           2008-05-14 00:00
08054                         05,14,23,31,35|02,06                           2008-05-12 00:00
08053                         01,13,21,23,32|03,06                           2008-05-10 00:00
08052                         03,18,19,30,35|05,09                           2008-05-07 00:00
08051                         01,07,09,11,33|03,11                           2008-05-05 00:00
08050                         01,05,11,26,27|03,07                           2008-05-03 00:00
08049                         01,11,14,28,30|03,10                           2008-04-30 00:00
08048                         01,13,22,25,27|02,10                           2008-04-28 00:00
08047                         12,18,22,23,30|06,12                           2008-04-26 00:00
08046                         11,25,26,27,35|07,08                           2008-04-23 00:00
08045                         14,32,33,34,35|02,04                           2008-04-21 00:00
08044                         02,21,23,27,32|10,11                           2008-04-19 00:00
08043                         05,08,10,31,33|02,04                           2008-04-16 00:00
08042                         05,10,13,32,35|04,05                           2008-04-14 00:00
08041                         07,17,21,22,28|05,10                           2008-04-12 00:00
08040                         04,08,19,22,29|08,11                           2008-04-09 00:00
08039                         07,11,15,27,35|04,07                           2008-04-07 00:00
08038                         12,13,19,32,33|02,10                           2008-04-05 00:00
08037                         11,20,24,31,35|04,10                           2008-04-02 00:00
08036                         09,19,22,30,32|01,10                           2008-03-31 00:00
08035                         02,12,13,29,30|05,07                           2008-03-29 00:00
08034                         06,07,18,34,35|05,10                           2008-03-26 00:00
08033                         03,10,21,23,30|01,09                           2008-03-24 00:00
08032                         03,09,19,27,33|09,10                           2008-03-22 00:00
08031                         14,20,23,27,28|02,04                           2008-03-19 00:00
08030                         03,21,23,26,35|05,08                           2008-03-17 00:00
08029                         06,11,18,29,30|04,11                           2008-03-15 00:00
08028                         03,11,17,19,26|07,12                           2008-03-12 00:00
08027                         05,17,23,31,32|04,08                           2008-03-10 00:00
08026                         01,21,22,24,25|08,10                           2008-03-08 00:00
08025                         06,10,12,15,28|04,12                           2008-03-05 00:00
08024                         08,12,17,20,30|01,02                           2008-03-03 00:00
08023                         06,26,31,32,34|07,10                           2008-03-01 00:00
08022                         09,12,13,25,31|08,10                           2008-02-27 00:00
08021                         05,10,13,21,24|04,09                           2008-02-25 00:00
08020                         04,05,15,17,33|04,08                           2008-02-23 00:00
08019                         08,24,25,29,31|04,05                           2008-02-20 00:00
08018                         03,06,07,11,30|02,03                           2008-02-18 00:00
08017                         02,14,25,29,32|01,06                           2008-02-16 00:00
08016                         08,10,11,17,19|06,09                           2008-02-13 00:00
08015                         09,18,20,27,33|06,09                           2008-02-04 00:00
08014                         04,07,10,28,34|01,06                           2008-02-02 00:00
08013                         01,11,19,22,35|05,09                           2008-01-30 00:00
08012                         02,10,29,32,35|02,03                           2008-01-28 00:00
08011                         14,20,22,24,27|07,10                           2008-01-26 00:00
08010                         06,23,24,27,29|06,08                           2008-01-23 00:00
08009                         04,08,12,24,30|05,08                           2008-01-21 00:00
08008                         02,06,08,17,32|08,09                           2008-01-19 00:00
08007                         03,04,05,12,28|03,12                           2008-01-16 00:00
08006                         10,12,26,29,34|05,07                           2008-01-14 00:00
08005                         18,25,29,31,34|09,10                           2008-01-12 00:00
08004                         09,22,24,31,33|08,09                           2008-01-09 00:00
08003                         01,11,13,32,35|02,07                           2008-01-07 00:00
08002                         01,12,24,31,32|10,12                           2008-01-05 00:00
08001                         01,02,11,34,35|03,10                           2008-01-02 00:00
07093                         06,08,16,25,27|08,12                           2007-12-31 00:00
07092                         06,19,27,28,29|06,10                           2007-12-29 00:00
07091                         07,12,26,31,32|03,08                           2007-12-26 00:00
07090                         04,20,24,31,33|09,12                           2007-12-24 00:00
07089                         08,13,24,30,34|01,12                           2007-12-22 00:00
07088                         17,18,21,23,33|06,10                           2007-12-19 00:00
07087                         08,18,30,31,33|04,09                           2007-12-17 00:00
07086                         14,18,19,26,28|03,09                           2007-12-15 00:00
07085                         17,24,28,29,33|02,05                           2007-12-12 00:00
07084                         05,11,18,29,34|10,11                           2007-12-10 00:00
07083                         01,05,20,21,24|03,04                           2007-12-08 00:00
07082                         03,05,14,33,34|07,08                           2007-12-05 00:00
07081                         06,18,20,22,35|04,09                           2007-12-03 00:00
07080                         01,15,20,25,27|05,10                           2007-12-01 00:00
07079                         06,09,25,26,31|02,08                           2007-11-28 00:00
07078                         09,12,14,22,23|01,02                           2007-11-26 00:00
07077                         04,06,12,13,24|01,04                           2007-11-24 00:00
07076                         02,09,12,15,31|09,10                           2007-11-21 00:00
07075                         05,11,20,30,32|07,11                           2007-11-19 00:00
07074                         16,17,23,24,31|05,10                           2007-11-17 00:00
07073                         04,05,09,12,23|02,11                           2007-11-14 00:00
07072                         21,24,26,27,33|01,05                           2007-11-12 00:00
07071                         10,22,32,33,35|01,07                           2007-11-10 00:00
07070                         07,26,29,30,35|03,04                           2007-11-07 00:00
07069                         02,13,16,21,35|01,05                           2007-11-05 00:00
07068                         04,09,13,14,33|06,10                           2007-11-03 00:00
07067                         11,18,25,30,31|04,09                           2007-10-31 00:00
07066                         04,07,08,19,24|07,12                           2007-10-29 00:00
07065                         19,20,24,29,31|09,10                           2007-10-27 00:00
07064                         02,16,32,33,35|05,10                           2007-10-24 00:00
07063                         10,31,33,34,35|07,12                           2007-10-22 00:00
07062                         01,04,10,14,29|11,12                           2007-10-20 00:00
07061                         02,10,19,28,29|02,09                           2007-10-17 00:00
07060                         12,13,29,30,31|04,07                           2007-10-15 00:00
07059                         04,15,23,31,33|03,09                           2007-10-13 00:00
07058                         08,21,25,28,33|02,06                           2007-10-10 00:00
07057                         14,16,30,32,35|06,07                           2007-10-08 00:00
07056                         04,11,17,20,21|05,09                           2007-10-06 00:00
07055                         10,16,24,31,33|07,10                           2007-10-03 00:00
07054                         04,10,19,29,34|03,06                           2007-10-01 00:00
07053                         11,16,19,21,25|01,10                           2007-09-29 00:00
07052                         01,14,29,32,33|05,10                           2007-09-26 00:00
07051                         03,07,24,28,35|08,11                           2007-09-24 00:00
07050                         13,21,22,30,35|01,11                           2007-09-22 00:00
07049                         09,10,15,17,32|04,06                           2007-09-19 00:00
07048                         08,25,26,29,35|06,08                           2007-09-17 00:00
07047                         01,06,15,19,35|02,09                           2007-09-15 00:00
07046                         04,16,18,23,30|01,10                           2007-09-12 00:00
07045                         09,16,20,26,35|11,12                           2007-09-10 00:00
07044                         04,05,07,12,26|01,10                           2007-09-08 00:00
07043                         04,09,22,24,31|02,06                           2007-09-05 00:00
07042                         07,10,22,31,35|05,06                           2007-09-03 00:00
07041                         03,16,17,22,35|01,08                           2007-09-01 00:00
07040                         05,21,25,28,35|01,04                           2007-08-29 00:00
07039                         10,11,20,21,35|07,11                           2007-08-27 00:00
07038                         06,21,25,27,32|08,09                           2007-08-25 00:00
07037                         01,06,07,17,31|11,12                           2007-08-22 00:00
07036                         15,18,21,27,34|01,02                           2007-08-20 00:00
07035                         07,11,16,31,32|01,12                           2007-08-18 00:00
07034                         06,08,11,13,22|02,11                           2007-08-15 00:00
07033                         01,05,08,14,22|03,12                           2007-08-13 00:00
07032                         01,13,21,23,32|04,11                           2007-08-11 00:00
07031                         03,21,27,31,32|06,08                           2007-08-08 00:00
07030                         11,14,27,33,35|02,07                           2007-08-06 00:00
07029                         15,22,25,29,35|09,11                           2007-08-04 00:00
07028                         20,26,30,34,35|03,10                           2007-08-01 00:00
07027                         02,03,10,19,27|06,10                           2007-07-30 00:00
07026                         05,09,13,33,35|01,08                           2007-07-28 00:00
07025                         22,24,26,27,34|02,10                           2007-07-25 00:00
07024                         06,16,20,25,31|04,09                           2007-07-23 00:00
07023                         08,10,23,32,34|08,10                           2007-07-21 00:00
07022                         08,10,12,23,25|03,10                           2007-07-18 00:00
07021                         02,04,24,29,33|01,02                           2007-07-16 00:00
07020                         02,06,11,12,18|05,12                           2007-07-14 00:00
07019                         03,06,17,22,23|04,06                           2007-07-11 00:00
07018                         03,04,16,23,28|06,09                           2007-07-09 00:00
07017                         13,14,29,32,34|03,12                           2007-07-07 00:00
07016                         01,14,19,24,31|03,12                           2007-07-04 00:00
07015                         02,08,12,13,17|11,12                           2007-07-02 00:00
07014                         01,02,07,29,32|06,07                           2007-06-30 00:00
07013                         12,17,27,29,34|06,09                           2007-06-27 00:00
07012                         03,12,15,29,34|07,11                           2007-06-25 00:00
07011                         29,32,33,34,35|09,10                           2007-06-23 00:00
07010                         06,08,18,29,34|09,11                           2007-06-20 00:00
07009                         01,03,09,19,34|09,12                           2007-06-18 00:00
07008                         02,08,11,21,23|04,07                           2007-06-16 00:00
07007                         14,16,25,26,35|04,09                           2007-06-13 00:00
07006                         01,16,20,23,28|03,06                           2007-06-11 00:00
07005                         01,09,19,20,30|02,11                           2007-06-09 00:00
07004                         06,10,16,17,25|02,04                           2007-06-06 00:00
07003                         03,04,18,23,32|01,06                           2007-06-04 00:00
07002                         15,22,31,34,35|05,12                           2007-06-02 00:00
07001                         22,24,29,31,35|04,11                           2007-05-30 00:00
